      0/99     5.39G    0.1104    0.0258         0    0.1362         7       640 0.0006597    0.1727 0.0001255 1.754e-05   0.09605   0.02166         0
      1/99     5.35G   0.09941    0.0241         0    0.1235        10       640  0.001167    0.3182 0.0005669 7.225e-05   0.08912   0.02039         0
      2/99     5.35G   0.09534   0.02287         0    0.1182         8       640  0.001067    0.2909 0.0004448 5.792e-05   0.08724    0.0192         0
      3/99     5.35G   0.09312   0.02184         0     0.115         7       640  0.001154    0.1909 0.0004142 5.752e-05    0.0884   0.01811         0
      4/99     5.35G   0.09355   0.02113         0    0.1147         8       640  0.001427    0.2091 0.0004471 6.862e-05   0.08613   0.01754         0
      5/99     5.35G   0.09332   0.02185         0    0.1152        10       640  0.001239    0.3182 0.0005949 8.154e-05   0.08609    0.0171         0
      6/99     5.35G   0.09269   0.02157         0    0.1143        13       640 0.0009736    0.2364 0.0004052 4.828e-05   0.08652   0.01681         0
      7/99     5.35G     0.092   0.02027         0    0.1123         9       640  0.001178    0.2364 0.0006059 0.0001059   0.08547   0.01646         0
      8/99     5.35G    0.0915   0.02048         0     0.112        14       640  0.001545    0.2273 0.0008132 0.0001203   0.08433   0.01635         0
      9/99     5.35G   0.09282   0.02047         0    0.1133         7       640 0.0003759       0.1 4.188e-05 6.788e-06    0.1006   0.01458         0
     10/99     5.35G   0.09216   0.02046         0    0.1126        10       640  0.002098   0.04545 0.0003657 5.511e-05   0.08703   0.01534         0
     11/99     5.35G   0.09131   0.02109         0    0.1124        14       640  0.001331    0.2182 0.0005302 6.216e-05   0.08476   0.01571         0
     12/99     5.35G   0.09051   0.01995         0    0.1105         9       640 0.0009216    0.2364  0.000402 6.226e-05   0.08438   0.01564         0
     13/99     5.35G   0.08987   0.02072         0    0.1106         9       640  0.001044       0.2 0.0005187 7.647e-05   0.08372   0.01564         0
     14/99     5.35G   0.09032    0.0204         0    0.1107         9       640   0.00119    0.2091  0.001976  0.000243   0.08207   0.01586         0
     15/99     5.35G   0.08725    0.0204         0    0.1076         9       640   0.07346   0.02727   0.01208  0.001715   0.08011     0.016         0
     16/99     5.35G   0.08485   0.02022         0    0.1051        10       640   0.07816   0.07273   0.02332  0.004013   0.07608   0.01636         0
     17/99     5.35G   0.08455   0.02036         0    0.1049        11       640   0.05313   0.05455   0.01173  0.002113   0.07526   0.01635         0
     18/99     5.35G   0.08054   0.02254         0    0.1031        13       640   0.01656    0.1273  0.006225  0.001218   0.07301   0.01691         0
     19/99     5.35G   0.08121   0.02164         0    0.1029        17       640  0.006998    0.1364  0.003763 0.0005956   0.06873   0.01793         0
     20/99     5.35G   0.08008   0.02223         0    0.1023        12       640     0.206    0.1015   0.05257  0.009948   0.06786   0.01723         0
     21/99     5.35G   0.07333   0.02255         0   0.09588         9       640    0.1358    0.1545   0.04477  0.009603   0.06676   0.01764         0
     22/99     5.35G   0.07509   0.02252         0   0.09761        10       640    0.1347   0.07273   0.02534  0.004683   0.07215   0.01721         0
     23/99     5.35G    0.0736   0.02256         0   0.09617        10       640    0.1581    0.2182   0.08427   0.01688   0.06475   0.01682         0
     24/99     5.35G   0.07171   0.02196         0   0.09367         7       640    0.2473    0.4818    0.2054   0.05676   0.06347   0.01674         0
     25/99     5.35G   0.06843    0.0218         0   0.09023         9       640    0.2163       0.4    0.1905   0.04736   0.06286   0.01555         0
     26/99     5.35G   0.06855    0.0206         0   0.08915        10       640    0.1967       0.4    0.1431   0.02802    0.0602   0.01712         0
     27/99     5.35G   0.07269   0.01901         0    0.0917        12       640   0.04719    0.5364   0.03472  0.008207   0.06527   0.02721         0
     28/99     5.35G   0.06777   0.02063         0    0.0884        14       640     0.396       0.4    0.3064   0.07793   0.06073   0.01511         0
     29/99     5.35G   0.06677   0.01986         0   0.08663        13       640    0.3718    0.4273    0.3101   0.07836   0.05919   0.01409         0
     30/99     5.35G   0.06154   0.01962         0   0.08116        13       640    0.3844    0.4258    0.3074   0.08754   0.06374   0.01441         0
     31/99     5.35G   0.06246   0.01874         0    0.0812        12       640    0.5906    0.3182    0.3747    0.1105   0.05406   0.01493         0
     32/99     5.35G   0.06272   0.01931         0   0.08203         8       640    0.6276       0.4    0.4184    0.1346   0.05628   0.01521         0
     33/99     5.35G    0.0604   0.01819         0   0.07859         9       640     0.626    0.4273    0.4178    0.1659   0.05072   0.01723         0
     34/99     5.35G   0.05755   0.01806         0   0.07561         8       640    0.6848    0.5364    0.5874    0.1916   0.05261   0.01317         0
     35/99     5.35G   0.05835   0.01809         0   0.07644         5       640     0.659    0.5909    0.5544    0.1868    0.0523   0.01276         0
     36/99     5.35G   0.05893   0.01782         0   0.07675        14       640    0.5895    0.5091    0.4236    0.1151   0.05369   0.01273         0
     37/99     5.35G   0.05455   0.01762         0   0.07218        14       640    0.6793    0.6354    0.6419     0.276   0.05017   0.01216         0
     38/99     5.35G   0.05589   0.01787         0   0.07376         7       640    0.7282    0.6089    0.6579    0.3075   0.05134    0.0144         0
     39/99     5.35G   0.05447   0.01743         0    0.0719        13       640    0.7453    0.6182    0.6758    0.2538   0.04908   0.01171         0
     40/99     5.35G   0.05408    0.0167         0   0.07078        10       640    0.8445       0.6     0.695    0.2766   0.04808   0.01131         0
     41/99     5.35G   0.05186   0.01565         0   0.06751        11       640    0.8047    0.5993    0.6758    0.2708   0.04769   0.01128         0
     42/99     5.35G   0.04963   0.01595         0   0.06558         7       640    0.7472    0.6727    0.7115    0.3407   0.04516   0.01166         0
     43/99     5.35G   0.05095   0.01597         0   0.06692        16       640    0.7616     0.726    0.7427    0.3272   0.04592   0.01084         0
     44/99     5.35G   0.05008   0.01554         0   0.06561         5       640     0.808     0.727    0.7382    0.3462   0.04452   0.01089         0
     45/99     5.35G   0.04861   0.01632         0   0.06492        10       640    0.7909    0.6909    0.7455    0.3367   0.04717   0.01048         0
     46/99     5.35G   0.04869    0.0147         0   0.06339         9       640    0.7894    0.6817    0.7181    0.3408   0.04493   0.01036         0
     47/99     5.35G   0.04527   0.01484         0   0.06012         9       640    0.7754    0.7545    0.7642    0.3683   0.04412   0.01053         0
     48/99     5.35G   0.04712   0.01515         0   0.06228        10       640     0.785       0.7    0.7502    0.3615   0.04406  0.009781         0
     49/99     5.35G   0.04639   0.01372         0   0.06011        10       640    0.7277    0.6818    0.6975    0.2827   0.04302  0.009995         0
     50/99     5.35G   0.04564   0.01466         0    0.0603        17       640    0.8039    0.6727    0.7322      0.36   0.04266  0.009771         0
     51/99     5.35G   0.04513   0.01404         0   0.05917        10       640     0.846    0.6993     0.745    0.3726    0.0442  0.009377         0
     52/99     5.35G   0.04601   0.01304         0   0.05904        10       640    0.8131    0.7545    0.7828    0.3933   0.04295  0.009379         0
     53/99     5.35G   0.04299   0.01353         0   0.05652         9       640    0.8641    0.6364    0.7419    0.3672   0.04549  0.009534         0
     54/99     5.35G   0.04341   0.01453         0   0.05794        10       640    0.8738    0.8181    0.8326    0.3834   0.04217  0.009045         0
     55/99     5.35G   0.04264    0.0137         0   0.05634        12       640    0.9028    0.7636    0.8438    0.4078   0.04202  0.008952         0
     56/99     5.35G   0.04511   0.01378         0    0.0589        12       640    0.7301    0.6909    0.7323    0.3394   0.04536  0.009091         0
     57/99     5.35G   0.04155   0.01409         0   0.05565        13       640    0.7834    0.7636    0.7908    0.4032   0.04329  0.008751         0
     58/99     5.35G   0.04171   0.01296         0   0.05467         8       640    0.9302    0.7269     0.799      0.39   0.04316  0.008529         0
     59/99     5.35G   0.04026   0.01329         0   0.05355         6       640    0.9325    0.7545    0.8446    0.4241    0.0427  0.008163         0
     60/99     5.35G   0.04216   0.01303         0   0.05519        11       640    0.8571    0.7636    0.7936    0.4048   0.04253  0.008254         0
     61/99     5.35G   0.03888   0.01278         0   0.05166         9       640    0.8817    0.7453    0.8211    0.4117   0.04142  0.008157         0
     62/99     5.35G   0.04072   0.01258         0    0.0533        10       640     0.818    0.8182    0.8265    0.4264   0.04094  0.008314         0
     63/99     5.35G   0.03898   0.01264         0   0.05162         9       640    0.9127    0.7636    0.8379    0.4227   0.03912  0.008379         0
     64/99     5.35G   0.03939   0.01292         0   0.05232        13       640    0.8329    0.7727     0.805    0.4203   0.04018  0.008019         0
     65/99     5.35G   0.03859   0.01222         0    0.0508         8       640    0.8671    0.7727    0.7934    0.4219   0.04107   0.00844         0
     66/99     5.35G   0.03809   0.01195         0   0.05004        14       640    0.8763    0.7726    0.8295    0.4013   0.04132  0.008453         0
     67/99     5.35G   0.03897   0.01195         0   0.05092         6       640    0.8967    0.7909    0.8465    0.4395   0.03959  0.007905         0
     68/99     5.35G   0.03778   0.01181         0   0.04959        10       640     0.849    0.7727    0.7899     0.394   0.04108  0.007907         0
     69/99     5.35G   0.03708   0.01233         0   0.04941        11       640    0.8315    0.8078    0.7946     0.411   0.04062  0.007925         0
     70/99     5.35G   0.03619   0.01128         0   0.04746         7       640    0.9116    0.7636     0.814    0.4434   0.04127  0.007822         0
     71/99     5.35G    0.0368   0.01127         0   0.04807        11       640    0.8829    0.7545     0.832    0.4343   0.03952  0.007714         0
     72/99     5.35G   0.03664   0.01137         0   0.04801        15       640    0.8182    0.8181    0.8133    0.4236   0.04046  0.007769         0
     73/99     5.35G   0.03595   0.01063         0   0.04658         6       640    0.8272    0.8273    0.8212    0.4301   0.03995  0.007912         0
     74/99     5.35G   0.03513   0.01069         0   0.04582         8       640    0.9398    0.8545    0.8868    0.4685    0.0395  0.007704         0
     75/99     5.35G   0.03498   0.01159         0   0.04657        10       640    0.9258       0.8    0.8416     0.465   0.03916  0.007644         0
     76/99     5.35G   0.03692    0.0119         0   0.04882        11       640    0.8425    0.8273     0.827    0.4581   0.03834  0.007329         0
     77/99     5.35G   0.03405   0.01162         0   0.04568        10       640    0.9175    0.8086    0.8578    0.4715   0.03937  0.007141         0
     78/99     5.35G   0.03431   0.01113         0   0.04544        13       640     0.875    0.8273    0.8391    0.4502   0.03919  0.007279         0
     79/99     5.35G   0.03363   0.01081         0   0.04444         8       640    0.8052    0.8273    0.8145    0.4526   0.03994  0.007449         0
     80/99     5.35G   0.03428   0.01059         0   0.04487         6       640    0.9348    0.7817     0.852    0.4627   0.03903  0.007156         0
     81/99     5.35G    0.0329   0.01125         0   0.04415         5       640    0.9103    0.8364    0.8592    0.4772   0.03809   0.00716         0
     82/99     5.35G   0.03192   0.01053         0   0.04245        13       640    0.9394    0.8453    0.8717    0.4761   0.03802  0.007066         0
     83/99     5.35G   0.03449   0.01054         0   0.04504        17       640    0.9355    0.7907    0.8695    0.4714     0.038  0.007114         0
     84/99     5.35G   0.03368   0.01033         0     0.044        11       640    0.9163       0.8    0.8555    0.4735   0.03783  0.007201         0
     85/99     5.35G   0.03237   0.01046         0   0.04283        10       640    0.8931    0.8364     0.852    0.4798    0.0376  0.007041         0
     86/99     5.35G   0.03148   0.01059         0   0.04207        10       640    0.9007    0.8273    0.8318    0.4556   0.03801  0.006936         0
     87/99     5.35G   0.03188   0.01043         0   0.04231        14       640    0.9029    0.8455    0.8689    0.4576   0.03846  0.006989         0
     88/99     5.35G   0.03159   0.01039         0   0.04198         9       640    0.9009    0.8273    0.8456    0.4675   0.03706  0.007268         0
     89/99     5.35G   0.03148   0.01034         0   0.04182        15       640    0.9247    0.7817     0.823     0.467   0.03772  0.007093         0
     90/99     5.35G   0.03263  0.009559         0   0.04219         9       640    0.8784    0.8545     0.869    0.4727   0.03792  0.006981         0
     91/99     5.35G   0.03184   0.01024         0   0.04208         7       640    0.9005    0.8273    0.8367    0.4617   0.03929  0.006912         0
     92/99     5.35G    0.0313   0.01015         0   0.04145        17       640    0.8733    0.8182    0.8343    0.4704   0.03869  0.007069         0
     93/99     5.35G   0.03145  0.009958         0   0.04141         8       640    0.8737    0.8182    0.8256    0.4619   0.03758  0.007048         0
     94/99     5.35G   0.03166   0.01048         0   0.04213        11       640    0.8674    0.8364    0.8634    0.4877   0.03693  0.007166         0
     95/99     5.35G   0.03068  0.009926         0   0.04061         7       640    0.8597    0.8364    0.8629    0.4894   0.03741  0.006764         0
     96/99     5.35G   0.03209  0.009896         0   0.04198         9       640    0.9101    0.8364    0.8494     0.466   0.03758  0.006836         0
     97/99     5.35G   0.03125   0.01005         0    0.0413        10       640    0.9132    0.7727    0.8211    0.4635   0.03848  0.006845         0
     98/99     5.35G   0.03027  0.009541         0   0.03981        14       640    0.9462    0.7997    0.8662    0.4877   0.03834  0.006896         0
     99/99     5.35G   0.03203  0.009865         0   0.04189        10       640    0.9271    0.8087     0.859    0.4912   0.03725  0.006821         0
